508
509
510
511
512
513
514
515
516
517
518
519
520
521
522
686
687
688
689
690
691
692
693
694
6513
6514
6515
11283
11284
11285
11286
11287
11288
11289
11290
11291
11292
11293
11294
11295
11296
21633
21634
21635
21636
21637
21638
21639
21640
21641
21765
21766
21767
21768
21769
21770
21987
21988
21989
21990
21991
21992
21993
21994
21995
22029
22030
22031
22032
22033
22034
22194
22195
22196
28248
28249
28250
28251
28252
28253
28254
28271
28361
28362
28363
28364
28365
28366
28367
28368
28369
28370
29513
29514
29515
29516
29517
29518
29519
29520
29521
29522
29523
29524
29525
29526
29527
29528
29529
29530
29531
29532
29533
29534
29535
29536
29537
29538
29539
29540
29541
29542
29543
29544
29545
29546
29547
29548
29549
29550
29551
29552
29553
29554
29555
29556
29557
29558
29559
29560
29561
29562
29563
29564
29565
29566
29567
29568
29569
29570
29571
29572
29573
29574
29575
29576
29577
29578
29579
29580
29581
29582
29583
29584
29585
29586
29587
29588
29589
29590
29591
29592
29593
29594
29595
29596
29597
29598
29599
29600
29601
29602
29603
29604
29605
29606
29607
29608
29609
29610
29611
29612
29613
29614
29615
29616
29617
29618
29619
29620
29621
29622
29623
29624
29625
29626
29627
29628
29629
29630
29631
29632
29633
29634
29635
29636
29637
29638
29639
29640
29641
29642
29643
29644
29645
29646
29647
29648
29649
29650
29651
29652
29653
29654
29655
29656
29657
29658
29659
29660
29661
29662
29663
29664
29665
29666
29667
29668
29669
29670
29671
29672
29673
29674
