203
222
335
337
683
823
1191
1684
1820
1912
3096
4579
5284
5512
5812
5869
6513
6514
6515
7528
9430
10138
10323
10369
11020
11283
11284
11285
11286
11287
11288
11289
11290
11291
11292
11293
11294
11295
11296
11750
12439
12789
14724
15240
15720
15738
15960
17550
17676
18555
18744
19524
19983
20178
21077
21137
21255
21304
21305
21595
21622
21633
21634
21635
21636
21637
21638
21639
21640
21641
21717
21718
21719
21720
21721
21722
21765
21766
21767
21768
21769
21770
21988
21989
21990
21991
21992
21993
21994
21995
22013
22014
22015
22016
22017
22018
22029
22030
22031
22032
22033
22034
22194
22195
22196
22599
22786
22792
22882
23008
23009
23010
23191
23948
24023
25413
25521
25624
25855
25904
25916
26681
26801
26873
27384
27389
27476
27532
27556
27557
27558
27559
27560
27561
27562
27563
27564
27565
27566
27567
27568
27569
27570
27571
27572
27573
27574
27575
27576
27577
27578
27579
27580
27581
27582
27583
27584
27585
27586
27587
27588
27589
27590
27591
27592
27593
27594
27595
27596
27597
27598
27599
27600
27601
27602
27603
27604
27605
27606
27607
27608
27609
27610
27611
27612
27613
27614
27615
27616
27617
27618
27619
28077
28079
28087
28093
28150
28151
28152
28248
28249
28250
28251
28252
28253
28254
28271
28361
28362
28363
28364
28365
28366
28367
28368
28369
28370
28378
28603
28657
28677
28877
28878
29095
29253
29358
29541
29543
29555
29614
29700
29762
29769
29774
29779
29781
