313
335
516
517
518
519
520
521
522
523
669
670
671
683
823
1191
1629
1684
1820
1912
2062
3037
3096
3177
3546
3547
3548
3833
4084
4276
5144
5512
5812
5869
6636
6684
6685
6686
7392
7420
7528
7764
9430
9438
9474
9479
9491
9625
9626
9627
9858
9859
9860
10138
10323
10369
11020
11072
11073
11074
11075
11081
11082
11083
11417
11653
11750
12439
12459
12513
13458
14120
14724
15240
15720
15738
15960
16887
17550
17676
18555
18744
19170
19269
19524
19983
20178
20233
21137
21304
21305
21575
21717
21718
21719
21764
21765
21766
21967
21980
21981
21982
21985
21988
21989
21990
21991
21992
21993
22987
23191
23311
23593
23625
24023
24130
24138
24378
25521
25624
25690
25785
25844
25855
25904
25916
26155
26156
26157
26158
26159
26160
26161
26447
26456
26461
26681
26801
26873
26895
27213
27382
27384
27389
27476
27578
27579
27580
27581
27700
27720
27721
27759
27760
27792
27793
27794
27795
27796
27797
28065
28066
28067
28093
28095
28240
28251
28254
28271
28378
28603
28657
28703
28849
28851
28887
28899
29095
29272
29402
29422
29541
29543
29555
29581
29614
